%%MatrixMarket matrix array real general
% 
% This is a model file of train_x,
%    generated by l1_logreg_train ver.0.8.2
% Contents of model:
%    entry   1   : intercept
%    entries 2..m: coefficients
% 
187 1
-1.559935103194765e-01
-9.982911614863975e-02
 1.126761258486883e-01
-1.508958820610071e-01
-6.083752489885603e-02
 0.000000000000000e+00
-1.630532321040646e-02
-1.399108463613587e-01
 0.000000000000000e+00
 0.000000000000000e+00
 0.000000000000000e+00
 0.000000000000000e+00
-1.617514203249554e-01
 1.899678117377700e-02
 0.000000000000000e+00
-3.360987550753436e-03
 1.137632214729061e-01
 1.687747959262654e-02
 0.000000000000000e+00
 2.527224381642830e-02
 0.000000000000000e+00
-1.173382932661709e-01
 1.039647615824464e-01
 3.671696158290453e-02
 0.000000000000000e+00
-1.120348586794540e-01
-1.640781538939512e-01
-1.563599473630070e-01
 3.604453202469265e-02
 0.000000000000000e+00
 1.320135840489728e-01
-2.107760612877209e-01
-3.074999089839951e-01
 2.483707629092309e-01
-1.237621663792467e-01
 1.176279671242511e-01
 1.119705978930004e-01
 8.158154709461324e-03
 4.812512724259265e-02
 9.203033732512680e-02
-6.612612421495112e-02
-8.856786895245983e-03
 0.000000000000000e+00
-2.072588072283214e-02
-1.041365018551484e-01
 4.518806823265774e-02
 1.894190563665839e-03
 0.000000000000000e+00
 1.044798864638682e-01
 0.000000000000000e+00
 0.000000000000000e+00
-4.024453412916754e-02
-1.284181440388951e-01
 1.849320375754181e-01
-9.200225043865225e-03
 6.240655393250494e-03
 0.000000000000000e+00
 0.000000000000000e+00
 2.999543341593390e-02
 2.056062920459036e-01
-2.176198958245461e-01
-1.296534870187570e-01
 9.517849899249688e-02
 3.590372530755697e-02
 0.000000000000000e+00
-1.091805833435716e-01
 0.000000000000000e+00
-5.988644571978687e-02
 3.705048624823023e-02
-3.932223585498475e-03
 7.339720195620436e-02
 0.000000000000000e+00
-2.806091796283970e-01
 1.593686723438956e-01
 4.666219282662304e-02
-5.932681019504371e-02
 0.000000000000000e+00
-3.159938689530851e-02
-2.310471296122331e-02
 0.000000000000000e+00
-1.751500932216728e-01
-2.897758698514417e-01
 3.579775351733251e-01
-7.400528739238266e-02
-9.005348224039487e-02
-3.832476354692724e-02
-1.449670333645663e-01
-1.557700555750056e-01
-1.792125286680681e-01
 0.000000000000000e+00
 1.042670278669621e-01
-4.868233619361852e-02
-7.184668000898542e-01
 3.207862177679868e-01
 4.811007805274203e-02
-2.031496415352218e-01
 1.925224138559964e-01
 0.000000000000000e+00
 2.513449822937686e-01
 4.720117963012960e-01
-1.732963439277152e-01
 1.148453465556311e-01
 0.000000000000000e+00
 0.000000000000000e+00
-5.322365932590659e-02
-3.546296966700688e-02
-6.965864928046661e-02
-5.088773593355410e-02
 7.545709615411189e-03
 0.000000000000000e+00
 2.186841576530821e-02
 0.000000000000000e+00
-3.048024693360992e-01
 2.652842068189372e-01
 5.946968095008132e-02
 1.753457260976540e-02
-3.150552215591722e-02
-1.146414830148370e-01
 0.000000000000000e+00
 9.743594556471968e-02
-2.002072906256482e-01
-1.239405282325604e-01
 3.791029780321034e-02
 6.137927985270891e-02
 0.000000000000000e+00
 4.697499887732110e-02
 6.830750583087676e-02
 3.373585132039371e-02
 2.272945808513831e-01
-1.334704117818197e-01
 0.000000000000000e+00
 3.648882826931051e-02
-2.856946818073893e-01
 1.599281308944066e-01
 7.053181529444547e-02
 0.000000000000000e+00
-4.623256463607175e-02
 0.000000000000000e+00
-1.194394351111377e-01
 2.150485559807435e-01
-2.322059745494943e-01
-1.207557761248524e-01
 0.000000000000000e+00
-3.603854101037819e-02
 0.000000000000000e+00
-3.500143883681597e-03
-2.575340218065033e-02
 0.000000000000000e+00
 5.900328948823835e-02
 1.830096423313381e-02
 8.974387327289238e-02
 0.000000000000000e+00
-2.700395912176995e-01
 9.790547872294889e-02
-4.153006271443350e-02
 9.294771316825655e-03
 8.816480667881844e-02
 5.065772922852273e-02
-2.769202714478711e-01
 1.008828547524028e-01
-2.131576456676904e-01
-3.619286159686055e-02
 0.000000000000000e+00
 0.000000000000000e+00
 0.000000000000000e+00
 0.000000000000000e+00
-1.227635397648267e-01
 0.000000000000000e+00
 2.353504737636831e-02
-7.435146281113866e-02
 1.314835724813281e-01
-1.370363123978616e-01
-1.396299381197567e-01
 2.020980767597740e-01
 0.000000000000000e+00
 4.472964517694997e-02
 0.000000000000000e+00
 6.564577138019709e-02
-1.597301345803703e-01
 8.569616089569762e-02
-2.030897558173688e-01
-3.872055117414746e-02
 0.000000000000000e+00
 0.000000000000000e+00
-1.381102603998502e-02
-3.347833496809322e-02
 2.883837015804830e+00
